Метод: Метод наискорейшего спуска (оптимальный шаг)
x* = (0.0000006173, 0.0000000985)
f(x*) = 1.0000000000
Итераций = 41

k	x1	x2	f(x)	||grad||	step	meta
1	4.0000000000	4.0000000000	63.8544999662	24.0549107605	0.1807979557	alpha*=0.1807979557
2	2.7324903032	-0.1602769872	6.7013336526	5.1494195448	0.4060845376	alpha*=0.4060845376
3	0.7321701756	0.4491630452	1.5210072717	1.8501862054	0.2105989932	alpha*=0.2105989932
4	0.6186094483	0.0764312110	1.1682305031	0.6238868744	0.5068966271	alpha*=0.5068966271
5	0.3160924113	0.1685999214	1.0700105573	0.5704271568	0.2365409086	alpha*=0.2365409086
6	0.2767677997	0.0395282105	1.0316819084	0.2534919151	0.5225254459	alpha*=0.5225254459
7	0.1500620951	0.0781319669	1.0149089654	0.2535817140	0.2420711249	alpha*=0.2420711249
8	0.1321717273	0.0194120407	1.0071330101	0.1184832706	0.5259915619	alpha*=0.5259915619
9	0.0725560929	0.0375754152	1.0034417747	0.1207872455	0.2433512059	alpha*=0.2433512059
10	0.0639893584	0.0094577705	1.0016669582	0.0570754298	0.5267998353	alpha*=0.5267998353
11	0.0352273491	0.0182208165	1.0008089474	0.0584392134	0.2436523171	alpha*=0.2436523171
12	0.0310774685	0.0046001215	1.0003929147	0.0276868965	0.5269892541	alpha*=0.5269892541
13	0.0171202026	0.0088525521	1.0001909313	0.0283774434	0.2437235936	alpha*=0.2437235936
14	0.0151044695	0.0022365587	1.0000927997	0.0134528146	0.5270337160	alpha*=0.5270337160
15	0.0083221886	0.0043029561	1.0000451090	0.0137916736	0.2437396584	alpha*=0.2437396584
16	0.0073424605	0.0010873165	1.0000219281	0.0065391181	0.5270491164	alpha*=0.5270491164
17	0.0040456398	0.0020917552	1.0000106598	0.0067042245	0.2437428834	alpha*=0.2437428834
18	0.0035693849	0.0005285895	1.0000051820	0.0031788003	0.5270523414	alpha*=0.5270523414
19	0.0019667205	0.0010168645	1.0000025191	0.0032590956	0.2437435477	alpha*=0.2437435477
20	0.0017351982	0.0002569681	1.0000012246	0.0015453120	0.5270538270	alpha*=0.5270538270
21	0.0009560906	0.0004943302	1.0000005953	0.0015843446	0.2437396584	alpha*=0.2437396584
22	0.0008435412	0.0001249279	1.0000002894	0.0007512144	0.5271067319	alpha*=0.5271067319
23	0.0004647552	0.0002403124	1.0000001407	0.0007702328	0.2437229292	alpha*=0.2437229292
24	0.0004100533	0.0000607357	1.0000000684	0.0003651554	0.5271621975	alpha*=0.5271621975
25	0.0002259063	0.0001168125	1.0000000332	0.0003744026	0.2437351047	alpha*=0.2437351047
26	0.0001993163	0.0000295173	1.0000000162	0.0001775041	0.5270133513	alpha*=0.5270133513
27	0.0001098299	0.0000567797	1.0000000079	0.0001819729	0.2437238474	alpha*=0.2437238474
28	0.0000969003	0.0000143550	1.0000000038	0.0000862844	0.5272497926	alpha*=0.5272497926
29	0.0000533783	0.0000276022	1.0000000019	0.0000884711	0.2436412165	alpha*=0.2436412165
30	0.0000470982	0.0000069822	1.0000000009	0.0000419264	0.5276408057	alpha*=0.5276408057
31	0.0000259314	0.0000134127	1.0000000004	0.0000429950	0.2434906310	alpha*=0.2434906310
32	0.0000228832	0.0000033974	1.0000000002	0.0000203583	0.5287293179	alpha*=0.5287293179
33	0.0000125805	0.0000065149	1.0000000001	0.0000208937	0.2430105372	alpha*=0.2430105372
34	0.0000111065	0.0000016562	1.0000000001	0.0000098637	0.5315300644	alpha*=0.5315300644
35	0.0000060833	0.0000031581	1.0000000000	0.0000101384	0.2429738539	alpha*=0.2429738539
36	0.0000053726	0.0000007995	1.0000000000	0.0000047753	0.5278655791	alpha*=0.5278655791
37	0.0000029586	0.0000015253	1.0000000000	0.0000048832	0.2422887840	alpha*=0.2422887840
38	0.0000026114	0.0000003943	1.0000000000	0.0000023075	0.5357145518	alpha*=0.5357145518
39	0.0000014237	0.0000007371	1.0000000000	0.0000023635	0.2428776589	alpha*=0.2428776589
40	0.0000012569	0.0000001878	1.0000000000	0.0000011155	0.5207838965	alpha*=0.5207838965
41	0.0000007001	0.0000003534	1.0000000000	0.0000011219	0.2389344203	alpha*=0.2389344203
42	0.0000006173	0.0000000985	1.0000000000	0.0000005336	0.0000000000	
